221.96999999999994
84.19
123.17999999999995
279.15000000000003
258.28
156.95999999999998
159.45
242.76999999999995
208.42999999999995
250.48999999999998
366.2099999999999
189.74
309.86999999999995
149.80999999999995
155.48000000000002
156.26999999999995
277.72
172.70999999999995
191.41000000000003
101.21000000000002
188.48999999999998
137.77999999999997
301.93999999999994
251.62999999999997
134.28999999999996
277.61000000000007
95.33999999999999
155.74999999999997
219.25000000000003
173.04999999999995
209.95
283.5199999999999
201.44000000000003
96.27000000000001
167.76999999999992
223.09
164.2
98.57000000000001
266.56999999999994
349.8399999999999
165.32
132.79
141.86999999999995
173.83
265.7
108.78999999999999
214.58
156.81
147.82999999999996
259.21
156.81
167.76999999999992
109.71999999999998
172.70999999999995
216.1
189.08
133.35999999999999
75.30999999999999
248.39999999999998
144.60000000000002
182.9
218.39999999999998
205.79
190.12999999999997
124.85000000000001
218.58
169.47999999999996
164.10999999999999
153.39000000000001
133.17000000000002
98.46999999999998
185.34999999999994
248.25
181.5
184.14000000000001
114.94000000000001
219.67
172.38
222.30999999999995
201.44000000000003
213.45999999999998
176.55999999999997
144.13999999999996
146.56999999999996
303.71999999999997
138.39000000000001
170.69000000000003
141.96
167.76999999999992
180.17000000000002
344.76
141.86999999999995
118.50999999999999
196.50000000000003
115.87
321.02
175.34999999999997
221.96999999999994
271.57
263.06000000000006
275.1799999999999
249.48999999999998
201.44000000000003
186.78000000000003
188.91999999999996
202.36999999999998
137.01999999999998
101.21000000000002
179.2
154.98
193.86
203.34
234.32999999999993
178.76999999999998
350.0799999999999
137.77999999999997
140.74999999999997
107.27000000000002
83.67
199.92
174.42000000000002
199.92
161.90000000000003
404.38000000000005
268.0
208.42999999999995
164.32
128.51000000000005
187.71
244.54999999999998
245.21
179.2
137.01999999999998
206.38000000000002
153.89
122.35999999999999
167.96
143.08
270.63999999999993
208.70999999999995
208.70999999999995
199.92
1062.87
161.9
190.00999999999996
173.92000000000002
279.42999999999995
185.07
181.40999999999994
185.07
288.59999999999985
167.89
186.78000000000003
237.06999999999996
257.5
191.72000000000003
438.69999999999993
144.42
153.11
196.50000000000003
134.88000000000002
198.14000000000004
228.46000000000004
166.63
161.90000000000003
191.12999999999994
212.24999999999997
137.84
251.04000000000002
211.16000000000003
254.16000000000003
222.90999999999994
201.44000000000003
201.16
109.76
236.03999999999996
110.00000000000003
119.72000000000003
277.72
228.46000000000004
133.45
180.41000000000005
285.64
184.01999999999998
128.51000000000005
245.75999999999996
100.28000000000003
184.14000000000001
141.86999999999995
96.02999999999999
191.12999999999994
155.07999999999998
221.16
170.93
182.76999999999998
1057.9299999999998
205.29000000000002
86.55000000000001
643.66
116.14999999999999
172.70999999999995
185.07
183.05
172.28
298.4399999999999
208.52
231.1
182.62000000000003
239.05999999999997
156.81
177.98999999999998
177.98999999999998
279.42999999999995
214.88999999999993
239.76999999999995
200.08
228.73999999999998
245.75999999999996
80.25000000000001
568.4999999999999
162.98999999999998
202.09999999999997
202.65
175.34999999999997
133.35999999999999
153.89
207.42999999999992
217.22
208.52
386.79999999999995
133.29
172.38
229.00000000000003
118.27
146.56999999999996
144.60000000000002
180.41000000000005
118.50999999999999
216.1
234.61
312.88000000000005
125.77999999999997
163.92
199.40000000000003
176.55999999999997
217.22
273.87
182.62000000000003
892.0299999999996
276.85
193.76999999999995
234.40999999999997
130.62999999999997
277.37
182.42999999999998
172.70999999999995
167.76999999999992
196.50000000000003
118.27
363.4500000000001
101.21000000000002
220.49
265.7
213.24999999999997
161.90000000000003
66.19000000000001
127.29999999999997
241.90999999999997
271.2999999999999
90.06000000000002
213.65
247.19
199.3
123.45
153.39000000000001
96.02999999999999
199.72999999999996
152.01999999999998
127.29999999999997
326.10999999999996
162.98999999999998
174.10999999999996
98.75999999999998
309.6799999999999
144.60000000000002
192.64999999999998
124.94
155.40999999999997
170.22999999999996
191.22
204.74
129.59999999999997
172.44
232.40999999999997
217.5
266.28999999999996
216.1
246.84999999999997
162.98999999999998
152.84
162.98999999999998
234.32999999999993
180.41000000000005
221.96999999999994
269.77
188.42
207.49999999999997
184.88999999999993
175.34999999999997
228.46000000000004
255.23999999999998
171.78
152.79999999999998
196.50000000000003
295.02
114.77999999999999
130.72000000000003
164.54
124.66000000000001
350.1
241.90999999999997
168.05
285.57
277.72
159.26000000000002
159.26000000000002
173.04999999999995
130.72000000000003
257.07000000000005
165.60000000000005
153.11
302.9399999999999
196.50000000000003
228.73999999999998
253.34000000000003
380.3099999999999
197.28000000000003
193.76999999999995
137.77999999999997
239.26999999999995
272.09
103.17999999999996
189.74
192.64999999999998
215.34999999999994
298.4399999999999
216.1
228.46000000000004
254.11999999999998
144.60000000000002
95.0
224.88
176.55999999999997
228.46000000000004
569.9599999999998
145.38
176.74999999999997
207.30999999999997
218.74
155.40999999999997
150.38
179.2
139.23
100.97
208.42999999999995
298.4399999999999
237.16
193.86
160.68999999999994
150.66
145.80999999999997
199.92
237.25000000000003
235.83
188.77
230.33999999999997
187.71
218.74
185.07
182.0
162.48999999999995
268.34000000000003
103.84999999999998
133.17000000000002
332.79999999999995
130.62999999999997
162.87000000000003
263.06000000000006
260.07000000000005
193.76999999999995
139.51
153.39000000000001
241.76999999999995
207.64999999999998
222.82999999999996
191.12999999999994
141.86999999999995
110.99999999999999
142.15000000000003
124.56999999999998
214.58
120.90999999999998
161.90000000000003
329.61999999999983
164.54
194.37999999999997
155.48000000000002
196.50000000000003
257.78
199.92
187.71
162.68
127.29999999999997
107.54999999999998
121.08999999999997
161.83999999999997
126.36999999999999
257.96999999999997
135.57
101.21000000000002
283.77999999999986
213.65
226.00999999999996
179.2
185.07
191.51
184.14000000000001
182.0
172.70999999999995
76.39999999999999
80.17999999999998
230.92
199.72999999999996
334.89999999999986
207.64999999999998
103.60999999999999
110.93000000000002
167.59
171.27999999999997
112.3
185.07
194.94999999999996
132.24
191.22
141.96
92.60999999999999
107.54999999999998
236.42000000000002
146.62999999999997
129.94
160.34999999999997
164.2
112.3
138.39000000000001
148.52999999999997
184.14000000000001
198.70999999999998
230.33999999999997
260.42
162.98999999999998
122.02
145.80999999999997
319.68
95.0
201.44000000000003
224.6099999999999
241.76999999999995
182.04999999999998
171.13999999999996
218.74
152.43999999999997
141.86999999999995
288.87000000000006
137.77999999999997
143.93
265.7
225.82000000000002
319.89999999999986
167.76999999999992
172.70999999999995
257.78
516.26
159.26000000000002
165.32
150.66
172.70999999999995
242.52999999999997
207.49999999999997
154.2
216.1
175.34999999999997
171.53
207.64999999999998
127.29999999999997
214.58
260.42
205.79
213.79999999999998
466.37999999999994
63.97
119.72000000000003
160.34999999999997
297.65999999999997
271.73
194.05000000000004
153.11
231.33999999999997
260.4699999999999
170.40999999999994
141.86999999999995
203.77000000000007
193.86
211.44000000000003
242.57
185.07
161.90000000000003
231.33999999999997
278.84999999999997
226.11000000000004
218.74
224.6099999999999
119.72000000000003
263.06000000000006
167.76999999999992
173.83
113.73000000000002
148.83999999999997
202.36999999999998
236.96999999999994
196.50000000000003
225.82000000000002
216.1
263.06000000000006
144.16999999999996
225.55999999999995
141.86999999999995
266.21999999999997
143.93
213.79999999999998
203.34
243.11999999999995
221.37999999999997
257.68999999999994
231.61999999999998
195.23000000000002
147.82999999999996
133.35999999999999
282.99999999999994
162.98999999999998
177.98999999999998
184.14000000000001
229.88999999999993
231.33999999999997
199.92
173.83
88.75999999999998
239.60999999999996
172.70999999999995
156.84
219.86
168.05
158.74
175.34999999999997
246.30000000000004
246.54000000000002
135.66
194.14
207.49999999999997
231.1
364.73999999999995
144.16999999999996
139.95999999999995
139.51
325.84
206.07
117.57999999999997
145.38
259.21
206.38000000000002
247.77999999999997
94.91
185.07
252.59999999999994
181.76999999999998
445.17999999999995
182.62000000000003
182.42999999999998
176.47000000000003
246.84999999999997
312.48
130.14999999999998
138.39000000000001
175.34999999999997
148.02000000000004
141.86999999999995
228.98000000000002
138.39000000000001
191.22
614.1299999999999
139.23
234.52000000000004
161.9
145.68999999999997
176.55999999999997
182.04999999999998
196.50000000000003
138.39000000000001
161.47000000000003
223.67999999999995
217.22
197.46999999999994
159.16999999999996
148.02000000000004
176.84000000000003
212.24999999999997
133.45
138.39000000000001
147.73999999999995
251.62999999999997
242.76999999999995
240.98000000000002
231.88000000000002
145.80999999999997
95.0
195.57000000000002
192.64999999999998
250.48999999999998
263.34
199.92
262.8
184.41999999999996
129.59999999999997
148.02000000000004
182.47000000000003
347.85
219.67
182.36
193.85999999999999
173.04999999999995
144.60000000000002
261.84999999999997
115.72
159.45
231.33999999999997
243.11999999999995
196.35
121.92999999999999
237.48999999999998
631.18
245.64999999999998
266.28999999999996
218.74
154.17
277.72
133.01999999999998
165.60000000000005
258.28
499.6400000000001
274.21000000000004
164.89000000000001
251.04000000000002
184.14000000000001
234.32999999999993
213.79999999999998
163.98999999999998
182.62000000000003
181.5
145.80999999999997
204.66999999999993
130.86999999999998
193.86
84.1
175.34999999999997
150.66
163.92
192.64999999999998
369.5
124.66000000000001
171.47
296.45
136.08999999999997
190.08
163.54000000000002
247.77999999999997
110.69
161.90000000000003
234.52000000000004
141.86999999999995
173.99
66.60999999999999
107.36000000000001
110.00000000000003
66.60999999999999
148.02000000000004
138.26999999999995
221.96999999999994
92.70000000000003
138.26999999999995
186.78000000000003
208.13999999999996
255.67000000000002
200.20000000000005
161.90000000000003
148.02000000000004
202.36999999999998
268.34000000000003
162.98999999999998
236.73
176.28
195.28999999999994
121.14999999999998
211.44000000000003
204.83
181.84
160.57000000000002
218.74
118.50999999999999
202.36999999999998
198.80999999999997
277.72
274.73
313.19999999999993
211.44000000000003
174.10999999999996
176.32000000000002
225.82000000000002
265.35999999999996
168.33
243.11999999999995
137.77999999999997
213.45999999999998
176.55999999999997
253.28
121.14999999999998
130.62999999999997
162.68
260.14
261.84999999999997
161.90000000000003
179.78999999999996
239.05999999999997
182.62000000000003
139.23
139.51
133.45
174.20000000000002
161.90000000000003
276.79
161.34999999999997
173.83
190.34999999999997
135.81
165.12999999999997
165.47
182.0
156.52999999999994
190.00999999999996
172.44
167.76999999999992
162.98999999999998
249.48999999999998
133.35999999999999
271.41999999999996
87.52000000000002
201.23
245.21
197.01999999999998
140.44
197.70999999999998
172.70999999999995
90.06
247.84999999999997
228.46000000000004
222.30999999999995
155.59999999999997
197.56000000000003
159.26000000000002
208.13999999999996
141.86999999999995
257.5
145.37999999999997
188.06000000000003
143.6
141.96
278.9999999999999
170.40999999999994
241.90999999999997
259.21
112.63999999999999
171.19
152.92999999999995
193.86
182.62000000000003
166.83999999999995
228.46000000000004
123.17999999999995
306.99
233.74
154.32999999999998
60.22
234.52000000000004
104.82
116.14999999999999
162.98999999999998
67.39
132.24
193.76999999999995
118.50999999999999
189.74
173.92000000000002
233.39999999999995
134.57000000000005
170.69000000000003
314.03
152.44999999999996
129.94
225.73000000000002
241.12999999999997
122.21
211.82
226.00999999999996
270.63999999999993
236.03999999999996
270.63999999999993
196.35
97.64000000000001
278.0
268.92999999999995
160.68999999999994
306.7999999999999
156.81
194.14
239.05999999999997
88.75999999999998
116.06000000000004
121.92999999999999
153.89
285.29999999999995
242.76999999999995
266.21999999999997
262.1
242.38
157.30999999999997
269.11999999999995
125.78000000000002
289.43000000000006
161.61999999999998
101.21000000000002
190.00999999999996
135.81
214.32
168.98
212.82
241.0
148.02000000000004
150.46999999999997
190.56
215.88999999999993
158.97999999999996
195.98000000000002
279.78
171.19
160.68999999999994
171.27999999999997
141.86999999999995
176.55999999999997
268.0
231.1
263.34
116.06000000000004
139.51
112.3
225.73000000000002
96.27000000000001
101.21000000000002
176.47000000000003
167.76999999999992
207.49999999999997
218.74
161.27999999999997
103.7
201.44000000000003
145.80999999999997
185.07
242.52999999999997
139.23
199.92
332.79999999999995
135.14000000000001
187.71
309.43999999999994
107.27000000000002
165.63
208.42999999999995
337.5399999999999
217.86999999999995
206.38000000000002
153.39000000000004
237.94000000000003
190.70000000000005
224.6099999999999
357.77
167.96
124.56999999999998
266.28999999999996
142.24
125.59
167.76999999999992
131.53999999999996
251.82000000000005
154.2
219.67
228.46000000000004
213.65
256.56999999999994
154.32
236.03999999999996
196.50000000000003
281.13999999999993
194.37999999999997
161.90000000000003
156.52999999999994
225.81999999999996
167.76999999999992
285.0599999999999
266.21999999999997
355.43000000000006
127.29999999999997
167.59
174.10999999999996
170.40999999999994
199.92
170.06999999999994
231.88000000000002
101.21000000000002
107.36000000000001
174.20000000000002
193.76999999999995
114.66
196.50000000000003
167.76999999999992
156.81
165.63
231.40999999999997
231.33999999999997
136.08999999999997
268.92999999999995
153.11
102.32999999999998
193.76999999999995
149.25999999999993
286.23
127.11999999999998
141.86999999999995
360.65
185.07
172.90000000000003
131.0
194.14
164.2
197.28000000000003
214.58
107.36000000000001
172.38
158.97999999999996
118.50999999999999
195.28999999999994
155.40999999999997
98.57000000000001
109.47999999999999
205.29000000000002
208.42999999999995
155.07999999999998
123.35000000000001
199.92
182.93
239.17999999999998
113.42
180.28999999999996
268.28000000000003
174.10999999999996
138.21
228.33999999999997
198.79999999999998
220.64000000000001
175.26000000000002
144.60000000000002
150.46999999999997
102.42000000000003
129.94
78.73
96.27000000000001
159.16999999999996
124.56999999999998
565.4799999999998
275.08
128.42000000000002
190.62999999999997
265.7
235.17000000000002
146.89999999999998
159.26000000000002
163.92
329.61999999999983
199.72999999999996
182.42999999999998
198.79999999999998
265.15
70.46000000000001
198.79999999999998
221.96999999999994
213.79999999999998
115.77999999999999
141.96
227.80000000000004
257.07000000000005
245.32999999999996
218.74
111.21000000000004
194.37999999999997
179.2
268.92999999999995
127.3
176.47000000000003
228.98000000000002
171.47
259.48999999999995
121.14999999999998
205.48999999999995
175.34999999999997
165.32
164.14
217.22
118.69999999999997
277.13000000000005
211.16000000000003
233.18999999999997
141.86999999999995
230.33999999999997
95.92999999999998
251.82000000000005
182.04999999999998
276.51000000000005
165.63
185.07
236.96999999999994
165.63
217.22
211.16000000000003
187.86999999999998
260.07000000000005
120.83999999999999
127.29999999999997
268.06
208.52
180.26
127.29999999999997
354.55999999999995
241.90999999999997
101.21000000000002
222.30999999999995
167.76999999999992
300.3
166.83999999999995
162.98999999999998
121.08999999999997
326.84999999999997
143.93
248.98999999999995
185.07
167.68000000000004
201.44000000000003
231.40999999999997
161.90000000000003
150.46999999999997
207.64999999999998
288.5299999999999
299.15
231.1
159.26000000000002
167.96
135.90999999999994
308.81
239.05999999999997
137.84
214.88999999999993
225.30000000000004
557.32
150.46999999999997
133.07999999999998
238.34
199.92
253.34000000000003
182.62000000000003
217.22
189.08
236.03999999999996
170.22999999999996
150.38
165.32
188.22999999999996
103.84999999999998
265.35999999999996
214.85999999999999
166.96
125.78000000000002
163.98999999999998
199.06999999999996
114.66999999999999
247.46999999999997
277.05999999999983
102.32999999999998
211.16
187.71
282.6599999999999
135.81
159.02
175.34999999999997
176.17999999999998
202.65
278.8399999999999
145.80999999999997
191.41000000000003
217.22
139.23
297.65999999999997
246.04000000000005
251.71000000000004
263.06000000000006
359.16999999999996
276.7999999999999
154.2
189.08
139.65999999999997
250.48999999999998
280.3599999999999
133.35999999999999
189.08
198.79999999999998
156.52999999999994
260.07000000000005
155.40999999999997
200.23
228.46000000000004
190.28
187.71
229.00000000000003
162.98999999999998
158.04999999999993
280.3599999999999
228.46000000000004
213.45999999999998
225.82000000000002
141.96
253.61999999999995
224.6099999999999
214.88999999999993
258.28
251.82000000000005
276.51000000000005
251.04000000000002
248.39999999999998
224.6099999999999
300.3
260.61
141.86999999999995
109.07000000000001
185.34999999999994
221.96999999999994
196.50000000000003
102.42000000000003
239.05999999999997
154.32
124.66000000000001
124.66000000000001
378.8799999999999
237.94000000000003
239.60999999999996
203.34
208.70999999999995
185.26000000000005
196.50000000000003
156.81
163.86999999999998
247.84999999999997
228.46000000000004
121.14999999999998
178.92000000000002
162.98999999999998
179.88999999999993
228.46000000000004
246.84999999999997
172.70999999999995
153.26999999999995
121.14999999999998
163.92
248.92
225.82000000000002
121.68999999999998
229.88999999999993
194.79000000000002
215.88999999999993
186.78000000000003
171.19
187.71
242.10000000000002
198.79999999999998
156.81
173.83
221.96999999999994
144.60000000000002
197.01999999999998
279.78
116.06000000000004
240.67000000000002
259.68000000000006
131.53999999999996
78.03999999999999
201.44000000000003
175.34999999999997
199.92
193.86
144.60000000000002
193.86
172.70999999999995
295.02
263.06000000000006
188.22999999999996
172.70999999999995
174.10999999999996
191.12999999999994
141.96
184.14000000000001
153.11
182.62000000000003
124.56999999999998
177.98999999999998
107.54999999999998
233.68
227.24999999999991
81.54999999999998
162.98999999999998
164.54
158.97999999999996
211.16000000000003
118.50999999999999
124.66000000000001
165.63
175.34999999999997
185.07
196.06999999999996
175.34999999999997
277.72
201.44000000000003
221.96999999999994
186.5
197.28000000000003
167.96
161.90000000000003
159.16999999999996
231.88000000000002
175.34999999999997
118.27
159.16999999999996
295.02
154.2
176.55999999999997
126.63000000000001
191.12999999999994
144.48
239.26999999999995
189.96
250.7
234.32999999999993
266.4799999999999
166.83999999999995
185.07
240.12999999999997
214.58
242.24999999999997
177.24999999999991
263.65
170.93
116.99000000000002
231.09999999999994
287.94
116.14999999999999
150.46999999999997
301.54999999999995
133.17000000000002
174.10999999999996
92.17999999999999
147.82999999999996
412.94000000000005
159.16999999999996
239.76999999999995
231.1
198.85999999999999
155.09999999999997
139.23
236.96999999999994
141.86999999999995
216.1
136.08999999999997
218.74
196.50000000000003
167.76999999999992
153.11
182.62000000000003
182.62000000000003
139.51
213.45999999999998
227.24999999999991
141.96
177.98999999999998
182.62000000000003
279.0899999999999
282.99999999999994
221.04
159.02
170.40999999999994
119.72000000000003
169.14
356.4899999999999
148.02000000000004
228.46000000000004
162.98999999999998
219.67
199.92
220.64000000000001
222.30999999999995
248.39999999999998
263.06000000000006
196.50000000000003
171.78
172.70999999999995
193.86
226.00999999999996
239.26999999999995
185.34999999999994
113.42
129.59999999999997
196.50000000000003
228.64999999999998
166.83999999999995
224.6099999999999
136.08999999999997
219.67
103.17999999999996
181.5
175.34999999999997
112.3
177.32000000000002
118.79
98.75999999999998
221.96999999999994
51.95
165.12999999999997
117.84000000000002
193.86
116.06000000000004
116.06000000000004
232.33999999999997
196.50000000000003
83.47999999999999
256.56999999999994
119.72000000000003
182.42999999999998
190.34999999999997
187.71
118.50999999999999
181.5
148.02000000000004
150.46999999999997
121.36000000000001
95.92999999999998
266.21999999999997
278.84999999999997
159.26000000000002
184.64000000000001
184.14000000000001
173.04999999999995
156.52999999999994
130.72000000000003
199.92
347.46
215.01000000000005
132.24
176.55999999999997
95.33999999999999
124.56999999999998
285.0599999999999
214.85999999999999
148.02000000000004
198.79999999999998
205.00999999999996
281.13999999999993
177.08
114.77999999999999
209.02000000000004
284.06
102.42000000000003
233.39999999999995
224.89
185.07
254.74
184.14000000000001
130.53000000000003
250.48999999999998
78.97
115.87
241.76999999999995
153.89
111.11999999999999
155.07999999999998
205.79
169.14
191.12999999999994
211.44000000000003
161.90000000000003
216.1
224.6099999999999
229.43000000000004
147.93000000000004
191.12999999999994
295.2099999999999
206.38000000000002
212.13
197.58999999999997
85.11999999999999
244.54999999999998
234.95000000000002
188.06000000000003
371.86
133.17000000000002
194.05000000000004
193.86
90.33999999999999
137.77999999999997
178.76999999999998
175.34999999999997
305.8999999999999
211.82
228.46000000000004
102.42000000000003
443.03000000000003
124.66000000000001
187.71
211.82
165.32
209.20999999999995
205.52999999999994
98.68999999999998
204.83
360.7100000000001
172.70999999999995
124.56999999999998
144.08
216.1
180.28999999999996
165.60000000000005
221.96999999999994
69.1
223.67999999999995
172.70999999999995
199.14000000000001
148.02000000000004
169.14
190.19999999999996
213.65
246.84999999999997
587.9
320.23999999999995
179.88999999999993
314.30999999999995
128.51000000000005
133.17000000000002
81.45999999999997
263.06000000000006
214.58
162.98999999999998
229.88999999999993
155.74999999999997
283.77999999999986
154.17
121.14999999999998
146.56999999999996
352.79
146.89999999999998
239.05999999999997
225.73000000000002
134.71999999999997
156.95999999999998
94.91
170.93
184.14000000000001
646.3
162.68
270.92
364.21999999999997
360.7100000000001
211.44000000000003
103.84999999999998
113.42
165.32
235.40999999999997
80.17999999999998
211.16000000000003
245.75999999999996
179.98000000000002
238.24999999999994
187.98999999999995
109.47999999999999
137.77999999999997
194.14
221.54
137.01999999999998
234.32999999999993
159.26000000000002
213.79999999999998
174.10999999999996
213.79999999999998
217.30999999999997
161.90000000000003
176.13
211.16000000000003
247.77999999999997
116.14999999999999
221.37999999999997
107.36000000000001
268.92999999999995
98.57000000000001
177.98999999999998
107.64
87.39999999999999
165.60000000000005
176.74999999999997
200.23
239.05999999999997
154.2
90.06
101.99000000000001
663.3399999999999
149.54000000000002
301.93999999999994
268.0
212.24999999999997
216.01
197.28000000000003
153.11
246.62000000000003
103.84999999999998
200.23
103.84999999999998
280.3599999999999
156.52999999999994
176.55999999999997
167.76999999999992
239.05999999999997
151.67999999999998
172.70999999999995
208.52
198.70999999999998
216.1
98.57000000000001
181.5
282.99999999999994
188.06000000000003
181.40999999999994
176.55999999999997
193.76999999999995
67.82000000000002
229.54999999999995
187.98999999999995
147.72999999999996
247.77999999999997
228.73999999999998
113.56999999999998
186.78000000000003
174.20000000000002
114.77999999999999
120.81000000000002
369.5
193.62000000000006
194.94999999999996
159.26000000000002
145.38
145.71999999999997
225.73000000000002
134.28999999999996
245.75999999999996
170.06999999999994
124.66000000000001
208.52
162.98999999999998
193.86
149.38
180.28999999999996
268.2699999999999
172.70999999999995
172.70999999999995
130.72000000000003
154.32
121.14999999999998
191.41000000000003
175.34999999999997
262.8
193.86
242.70000000000002
228.46000000000004
150.46999999999997
305.8799999999999
245.75999999999996
162.68
182.42999999999998
186.44000000000005
263.06000000000006
280.64000000000004
199.14000000000001
172.70999999999995
160.68999999999994
124.66000000000001
271.75999999999993
166.83999999999995
172.70999999999995
211.16000000000003
176.55999999999997
283.59000000000003
404.0999999999999
173.83
209.07999999999998
133.35999999999999
211.44000000000003
161.90000000000003
182.42999999999998
256.64
239.26999999999995
138.26999999999995
245.66999999999996
241.98000000000002
257.07000000000005
182.36
175.34999999999997
153.39000000000001
145.24999999999994
110.00000000000003
410.0199999999999
137.77999999999997
187.71
190.00999999999996
99.85000000000001
225.73000000000002
224.6099999999999
141.72
152.18000000000004
156.81
172.70999999999995
225.73000000000002
196.50000000000003
124.56999999999998
119.72000000000003
132.24
130.71999999999997
155.40999999999997
218.74
155.07999999999998
252.59999999999994
233.74
182.42999999999998
221.96999999999994
118.79
144.60000000000002
156.81
248.05999999999997
250.48999999999998
235.10999999999996
186.78000000000003
139.65999999999997
197.58999999999997
115.87
193.62000000000006
476.04999999999995
182.42999999999998
127.29999999999997
144.42
228.46000000000004
207.38000000000002
194.82999999999993
110.00000000000003
238.34
138.10999999999996
170.06999999999994
186.27999999999994
236.03999999999996
174.10999999999996
150.66
124.56999999999998
210.64000000000001
225.82000000000002
236.03999999999996
277.72
139.65999999999997
172.66
202.36999999999998
200.01
124.66000000000001
200.23
139.51
317.59999999999997
133.35999999999999
139.23
89.13
172.70999999999995
118.50999999999999
234.52000000000004
179.2
219.67
201.28
219.67
172.78
68.57999999999998
159.45
233.89999999999995
172.70999999999995
105.87999999999997
260.42
123.35999999999999
247.77999999999997
159.16999999999996
259.9
149.54000000000002
240.67000000000002
143.39
113.56999999999998
245.92
229.54999999999995
83.67
218.74
184.41999999999996
338.1700000000001
150.38
176.47000000000003
115.87
217.22
98.57000000000001
196.50000000000003
489.6899999999999
219.67
241.48
179.08
191.12999999999994
193.76999999999995
218.74
144.60000000000002
191.41000000000003
247.46999999999997
206.07
165.23000000000005
181.76999999999998
170.06999999999994
173.64
249.07
141.86999999999995
217.22
344.28000000000003
198.79999999999998
127.11999999999998
119.48
375.65000000000003
213.45999999999998
127.29999999999997
148.02000000000004
187.92999999999998
225.82000000000002
110.93000000000002
155.40999999999997
104.63000000000001
277.72
173.64
231.1
266.86
222.16000000000003
113.56999999999998
165.32
88.85000000000001
190.19999999999996
197.28000000000003
63.97
162.98999999999998
141.96
276.51000000000005
174.10999999999996
132.42000000000002
175.34999999999997
233.39999999999995
174.10999999999996
246.04000000000005
176.55999999999997
205.00999999999996
309.6799999999999
143.50999999999996
565.4799999999998
98.57000000000001
190.34999999999997
127.29999999999997
206.38000000000002
114.77999999999999
124.56999999999998
125.78000000000002
159.26000000000002
230.76
545.0499999999998
175.34999999999997
414.32000000000005
285.4899999999999
171.62
190.28999999999996
146.56999999999996
190.34999999999997
375.93000000000006
148.02000000000004
156.52999999999994
194.05000000000004
220.64000000000001
163.86999999999998
196.50000000000003
233.95
155.68999999999997
107.54999999999998
181.69
195.28999999999994
211.44000000000003
193.86
182.42999999999998
231.1
199.3
293.81
91.49000000000002
219.86
228.46000000000004
146.89999999999998
175.34999999999997
269.11999999999995
159.26000000000002
214.58
246.84999999999997
155.74999999999997
138.44999999999996
231.1
127.29999999999997
247.77999999999997
211.84999999999997
161.38000000000002
141.86999999999995
120.48
137.77999999999997
174.10999999999996
172.44
239.26999999999995
138.72999999999996
165.32
198.79999999999998
294.7799999999999
126.63000000000001
185.07
228.46000000000004
247.19
162.98999999999998
217.22
207.99999999999997
231.1
260.61
197.19
193.86
216.1
133.35999999999999
179.2
167.89
127.29999999999997
218.52999999999994
188.06000000000003
259.99
187.44000000000005
185.07
190.28999999999996
211.67999999999998
176.55999999999997
282.99999999999994
300.3
139.65999999999997
175.34999999999997
196.50000000000003
155.59999999999997
133.17000000000002
138.44999999999996
173.83
227.52
220.64000000000001
199.92
124.66000000000001
216.44
196.16000000000003
179.08
222.58999999999997
211.16000000000003
213.79999999999998
274.9
141.96
182.04999999999998
177.65
277.72
179.2
191.12999999999994
161.90000000000003
144.60000000000002
36.910000000000004
213.79999999999998
195.28999999999994
234.52000000000004
172.70999999999995
175.34999999999997
278.84999999999997
118.50999999999999
148.02000000000004
175.35000000000002
130.81
149.80999999999995
159.16999999999996
293.09999999999997
181.5
213.45999999999998
238.24999999999994
334.35
170.06999999999994
352.19999999999993
221.96999999999994
181.40999999999997
170.06999999999994
121.14999999999998
169.47999999999996
351.68000000000006
260.31
156.81
196.50000000000003
106.15
141.86999999999995
224.73
201.23
245.75999999999996
98.57000000000001
190.00999999999996
163.92
49.31000000000002
150.85
323.46999999999997
156.02999999999997
153.39000000000001
83.91000000000003
179.2
167.76999999999992
210.30000000000004
221.96999999999994
212.82
292.20000000000005
239.05999999999997
141.86999999999995
126.63000000000001
130.72000000000003
124.66000000000001
161.90000000000003
153.39000000000001
198.79999999999998
181.5
185.07
156.24
213.79999999999998
194.82999999999993
146.89999999999998
239.05999999999997
138.44999999999996
228.46000000000004
252.59999999999994
119.48
189.08
162.98999999999998
213.45999999999998
133.35999999999999
97.64000000000001
92.42000000000002
188.77
197.28000000000003
178.76999999999998
205.00999999999996
289.8399999999999
146.89999999999998
204.12999999999997
165.63
170.06999999999994
196.50000000000003
240.98000000000002
242.1899999999999
492.25
200.23
85.02999999999999
133.35999999999999
170.06999999999994
121.08999999999997
237.94000000000003
302.66
162.98999999999998
137.20999999999998
474.0799999999999
172.70999999999995
182.93
239.05999999999997
231.88000000000002
171.47
260.07000000000005
119.63000000000001
201.44000000000003
468.7999999999999
176.74999999999997
175.34999999999997
211.16000000000003
173.64
202.88999999999993
245.75999999999996
268.92999999999995
139.51
83.91000000000003
202.31
141.86999999999995
162.87000000000003
124.38999999999999
194.37999999999997
185.07
225.73000000000002
238.67999999999998
165.32
167.76999999999992
243.11999999999995
192.64999999999998
197.28000000000003
320.8
212.13
201.44000000000003
292.14
201.44000000000003
164.89000000000001
148.02000000000004
133.35999999999999
236.96999999999994
137.01999999999998
103.66999999999999
139.23
280.3599999999999
246.84999999999997
220.64000000000001
187.71
86.55000000000001
266.67
239.05999999999997
228.46000000000004
225.82000000000002
239.26999999999995
254.26999999999998
159.26000000000002
203.74
221.96999999999994
141.86999999999995
114.23999999999998
193.86
128.51000000000005
193.76999999999995
145.80999999999997
158.23999999999998
287.94
194.94999999999996
173.04999999999995
171.62
352.19999999999993
146.89999999999998
182.62000000000003
240.76999999999995
121.92999999999999
175.34999999999997
217.02999999999997
165.59000000000003
219.67
164.2
170.69000000000003
161.90000000000003
263.65
164.23
139.51
224.6099999999999
171.19
193.86
78.73
124.66000000000001
175.34999999999997
300.3
236.03999999999996
215.67
207.78
257.07000000000005
226.31999999999996
176.47000000000003
170.29
199.92
154.17
115.99
213.45999999999998
177.77000000000004
97.47999999999999
162.98999999999998
250.7
196.50000000000003
103.84999999999998
229.54999999999995
177.98999999999998
220.23000000000002
279.78
182.42999999999998
96.02999999999999
168.05
161.90000000000003
238.67999999999998
129.27
172.70999999999995
569.9599999999998
208.70999999999995
216.1
220.19
161.9
164.54
318.93999999999994
256.64
201.44000000000003
231.33999999999997
186.03999999999996
228.46000000000004
175.34999999999997
263.34
176.47000000000003
161.90000000000003
120.48
165.32
219.67
463.26
164.2
144.60000000000002
202.92999999999995
225.73000000000002
175.34999999999997
130.65
175.34999999999997
159.26000000000002
193.86
185.07
230.33999999999997
386.79999999999995
196.07000000000002
515.41
225.82000000000002
225.73000000000002
148.01999999999998
243.11999999999995
176.47000000000003
225.73000000000002
257.5
219.86
201.44000000000003
202.36999999999998
352.79
199.14000000000001
139.23
190.28
185.22999999999996
177.98999999999998
110.00000000000003
158.04999999999993
281.13999999999993
167.50000000000003
153.26999999999995
164.2
191.22
177.65
143.17000000000002
58.10000000000001
231.88000000000002
173.83
144.13999999999996
212.58999999999995
132.42000000000002
204.86
211.16000000000003
189.74
130.53000000000003
191.22
118.50999999999999
414.32000000000005
272.09
156.52999999999994
228.98000000000002
265.21999999999997
199.92
253.13000000000002
165.63
154.2
154.98
179.78999999999996
167.76999999999992
247.77999999999997
228.46000000000004
224.80000000000004
231.1
202.56
155.96
272.09
161.90000000000003
205.13999999999996
239.26999999999995
207.49999999999997
211.67999999999998
643.66
260.42
165.63
221.04
254.26999999999998
221.96999999999994
235.70000000000005
175.34999999999997
234.32999999999993
101.21000000000002
226.62000000000003
301.65999999999997
243.62000000000003
141.86999999999995
295.02
130.14999999999998
134.88000000000002
275.1599999999999
173.64
165.60000000000005
286.4199999999999
187.44000000000005
152.01999999999998
225.73000000000002
138.72999999999996
150.46999999999997
199.72999999999996
170.40999999999994
165.47
156.29
195.28999999999994
152.79999999999998
239.26999999999995
179.2
144.42
192.64999999999998
101.21000000000002
210.92000000000002
187.71
320.87
156.62
197.01999999999998
179.04999999999998
192.64999999999998
189.08
189.23000000000002
139.51
147.82999999999996
165.32
176.55999999999997
190.34999999999997
175.34999999999997
187.28000000000003
167.76999999999992
300.89
225.82000000000002
156.52999999999994
159.16999999999996
263.06000000000006
113.42
265.7
149.38
170.40999999999994
254.83
277.72
170.40999999999994
155.40999999999997
130.72000000000003
165.32
185.07
158.04999999999993
234.02
175.34999999999997
206.38000000000002
186.78000000000003
313.09999999999997
165.32
214.85999999999999
164.38999999999996
211.44000000000003
239.05999999999997
167.76999999999992
228.46000000000004
258.28
175.34999999999997
208.70999999999995
235.30000000000004
199.72999999999996
179.2
146.56999999999996
156.81
233.74
185.07
544.7
300.3
165.63
208.42999999999995
208.52
182.42999999999998
221.96999999999994
159.02
301.0799999999999
194.42
144.60000000000002
120.48
199.3
179.98000000000002
206.38000000000002
248.98999999999995
154.17
230.33999999999997
197.01999999999998
217.22
234.52000000000004
164.2
263.06000000000006
172.70999999999995
185.07
250.48999999999998
130.72000000000003
164.26
243.11999999999995
235.83
207.64999999999998
137.77999999999997
122.35999999999999
146.56999999999996
169.14
124.66000000000001
129.59999999999997
111.21000000000004
285.03000000000003
174.10999999999996
103.53999999999999
197.58999999999997
130.62999999999997
196.50000000000003
176.01
172.70999999999995
141.96
231.88000000000002
146.73999999999995
235.30000000000004
429.88
248.39999999999998
139.23
197.28000000000003
141.96
228.46000000000004
199.92
161.90000000000003
179.08
247.84999999999997
193.19999999999996
303.71999999999997
135.50000000000006
169.47999999999996
150.46999999999997
163.92
179.98000000000002
182.62000000000003
203.74
193.85999999999999
259.21
284.1099999999999
187.64999999999995
210.92000000000002
224.94999999999996
121.49999999999999
250.48999999999998
231.33999999999997
254.26999999999998
196.50000000000003
122.11999999999999
103.78999999999998
95.0
175.34999999999997
162.98999999999998
245.75999999999996
217.22
86.23999999999998
196.50000000000003
204.07999999999998
84.19
308.81
167.76999999999992
208.42999999999995
196.50000000000003
194.14
176.84000000000003
193.86
93.63000000000002
234.52000000000004
179.2
251.71000000000004
205.52999999999994
196.50000000000003
112.02000000000001
138.66
212.24999999999997
103.50999999999999
192.76999999999998
207.99999999999997
223.67999999999995
112.3
44.37
137.84
159.16999999999996
151.87
176.32000000000002
196.41
170.40999999999994
165.63
646.3
170.62
172.70999999999995
193.85999999999999
208.13999999999996
185.07
142.89999999999995
184.14000000000001
133.95
188.22999999999996
173.99
208.42999999999995
181.69
92.70000000000003
225.82000000000002
146.95999999999998
214.34000000000003
250.7
156.81
277.72
217.22
245.21
156.81
182.42999999999998
208.52
265.35999999999996
98.57000000000001
67.82000000000002
243.11999999999995
239.26999999999995
138.14999999999998
160.68999999999994
248.39999999999998
170.40999999999994
162.48999999999995
121.49999999999999
194.37999999999997
196.50000000000003
179.2
1171.2700000000002
173.83
197.01999999999998
263.06000000000006
213.79999999999998
129.94
312.88000000000005
217.02999999999997
124.56999999999998
260.42
225.73000000000002
124.56999999999998
275.08
262.13
323.46999999999997
98.57000000000001
445.17999999999995
216.1
165.63
182.93
279.42999999999995
360.2199999999999
249.60999999999999
234.61
311.45000000000005
176.47000000000003
213.79999999999998
118.50999999999999
224.6099999999999
179.2
93.82
126.77999999999999
231.1
197.70999999999998
223.51999999999995
241.90999999999997
113.22999999999999
207.30999999999997
162.98999999999998
154.59999999999997
294.7799999999999
129.63
168.05
236.03999999999996
172.70999999999995
469.28000000000003
159.26000000000002
163.92
156.81
216.01
287.94
150.46999999999997
297.65999999999997
96.27000000000001
161.90000000000003
170.69000000000003
185.07
187.71
363.0900000000001
152.18000000000004
224.6099999999999
169.98
270.63999999999993
173.34
139.51
145.71999999999997
364.21999999999997
71.46000000000001
149.54000000000002
221.04
134.57000000000005
85.87999999999997
228.46000000000004
224.6099999999999
221.96999999999994
136.08999999999997
150.38
285.29999999999995
206.07
173.83
216.44
196.50000000000003
234.52000000000004
177.65
180.26
260.41999999999996
191.22
221.04
250.48999999999998
182.42999999999998
155.51000000000002
143.39
129.59999999999997
153.11
139.23
234.52000000000004
145.80999999999997
150.58999999999992
213.24999999999997
144.60000000000002
186.78000000000003
131.93000000000004
195.28999999999994
193.85999999999999
193.76999999999995
197.28000000000003
309.6799999999999
220.73
209.20999999999995
158.04999999999993
147.72999999999996
191.72000000000003
221.96999999999994
155.07999999999998
174.10999999999996
127.29999999999997
206.38000000000002
145.34999999999997
170.40999999999994
117.57999999999997
253.34000000000003
122.21
346.67999999999995
221.37999999999997
172.70999999999995
144.60000000000002
206.13000000000002
266.28999999999996
212.24999999999997
165.32
132.24
197.19
177.98999999999998
87.76000000000002
118.50999999999999
159.26000000000002
179.88999999999993
211.35
182.62000000000003
288.59999999999985
197.58999999999997
205.00999999999996
337.5399999999999
113.32999999999997
137.77999999999997
181.16999999999996
228.73999999999998
288.5299999999999
78.03999999999999
223.09
150.38
175.34999999999997
150.46999999999997
170.06999999999994
132.07999999999998
216.10000000000002
230.76
141.86999999999995
193.86
318.19000000000005
175.34999999999997
259.21
277.72
150.46999999999997
268.0
149.38
144.10000000000002
190.19999999999996
194.14
160.34999999999997
139.51
176.28
169.17000000000002
179.2
184.14000000000001
185.07
130.72000000000003
129.63
153.39000000000001
103.84999999999998
263.06000000000006
179.78999999999996
184.14000000000001
159.16999999999996
164.75
170.69000000000003
224.89
165.60000000000005
71.46000000000001
240.12999999999997
113.56999999999998
198.79999999999998
182.62000000000003
177.98999999999998
163.86999999999998
150.46999999999997
233.39999999999995
141.96
191.12999999999994
124.56999999999998
170.06999999999994
201.94000000000003
197.28000000000003
198.70999999999995
318.96999999999986
172.70999999999995
282.6599999999999
190.28999999999996
287.94
230.54999999999995
212.24999999999997
148.02000000000004
120.81000000000002
237.48999999999998
128.51000000000005
185.07
219.67
239.26999999999995
181.5
199.92
259.21
310.5199999999999
104.63000000000001
146.89999999999998
185.07
199.92
130.72000000000003
162.98999999999998
282.5199999999999
150.46999999999997
202.36999999999998
141.96
159.26000000000002
172.70999999999995
191.22
197.56000000000003
221.37999999999997
196.16000000000003
203.74
673.17
458.86
185.07
208.70999999999995
238.34
162.98999999999998
406.4599999999999
248.92
136.58999999999997
170.06999999999994
165.32
205.00999999999996
173.04999999999995
288.59999999999985
251.56000000000003
130.62999999999997
193.86
280.3599999999999
101.21000000000002
216.1
155.96
133.01999999999998
222.30999999999995
113.42
176.47000000000003
240.98000000000002
133.17000000000002
165.63
228.46000000000004
120.81000000000002
211.16000000000003
163.11000000000004
75.39999999999999
199.14000000000001
196.50000000000003
139.23
121.14999999999998
249.85
180.17000000000004
201.44000000000003
187.71
113.56999999999998
263.65
139.23
165.32
187.71
279.42999999999995
239.60999999999996
101.21000000000002
141.96
123.17999999999995
161.90000000000003
80.34000000000002
133.17000000000002
202.36999999999998
115.87
189.08
229.54999999999995
141.96
113.56999999999998
277.72
187.37
231.64000000000007
156.81
139.23
334.89999999999986
187.71
172.70999999999995
114.94000000000001
217.22
132.24
269.11999999999995
126.63000000000001
133.45
263.06000000000006
107.36000000000001
190.34999999999997
216.1
128.51000000000005
282.6599999999999
161.90000000000003
202.56
251.82000000000005
156.81
92.27000000000001
168.05
144.6
235.30000000000004
228.31000000000003
190.34999999999997
174.10999999999996
120.48
248.98999999999995
280.3599999999999
176.47000000000003
181.12000000000003
209.02000000000004
233.30999999999997
110.00000000000003
279.15000000000003
179.2
247.77999999999997
242.24999999999997
481.25999999999993
199.92
190.00999999999996
150.46999999999997
211.16000000000003
172.70999999999995
124.66000000000001
179.2
120.53999999999996
165.60000000000005
161.9
182.53000000000003
182.9
154.32
108.78999999999999
280.95
194.37999999999997
172.70999999999995
196.06999999999996
120.96999999999994
115.87
251.82000000000005
182.04999999999998
121.92999999999999
165.23000000000005
110.00000000000003
160.68999999999994
155.96
233.18999999999997
254.16000000000003
148.83999999999997
179.2
110.00000000000003
119.29
280.3599999999999
278.69
137.77999999999997
230.33999999999997
265.54999999999995
228.46000000000004
101.21000000000002
101.21000000000002
202.92999999999995
246.84999999999997
120.81000000000002
148.02000000000004
103.53999999999999
127.29999999999997
141.86999999999995
255.97999999999996
107.36000000000001
161.72
233.39999999999995
104.19999999999999
228.46000000000004
378.8799999999999
131.80999999999997
171.27999999999997
250.76000000000005
159.26000000000002
1182.54
179.98000000000002
208.52
150.85
139.65999999999997
202.36999999999998
259.21
150.38
631.18
182.42999999999998
249.18
120.48
1060.6200000000001
228.46000000000004
263.06000000000006
175.34999999999997
189.92
234.32999999999993
250.7
203.33000000000004
161.80999999999997
253.34000000000003
106.15
122.35999999999999
196.35
124.56999999999998
96.27000000000001
110.00000000000003
81.54999999999998
154.2
239.17999999999998
345.78
282.6599999999999
266.56999999999994
40.800000000000004
163.98999999999998
204.07999999999998
104.82
211.16000000000003
254.26999999999998
169.14
166.83999999999995
232.46999999999994
221.37999999999997
175.34999999999997
191.22
139.65999999999997
153.11
360.7100000000001
192.64999999999998
190.34999999999997
179.98000000000002
251.82000000000005
177.98999999999998
133.35999999999999
221.96999999999994
153.89
133.45
170.40999999999994
240.39
157.30999999999997
243.31
172.70999999999995
263.06000000000006
217.22
115.87
200.23
241.76999999999995
126.77999999999999
155.74999999999997
93.82
203.34
126.77999999999999
152.18000000000004
121.14999999999998
186.78000000000003
163.92
191.41000000000003
245.92
167.76999999999992
81.45999999999997
213.65
175.34999999999997
207.30999999999997
231.33999999999997
154.17
213.79999999999998
198.80999999999997
251.82000000000005
78.97
97.64000000000001
121.08999999999997
175.34999999999997
231.1
262.1
211.06999999999996
244.82999999999993
196.07000000000002
176.47000000000003
178.43999999999997
213.45999999999998
241.98000000000002
199.72999999999996
337.26
140.01
149.54000000000002
156.52999999999994
231.1
119.72000000000003
205.29000000000002
218.74
224.6099999999999
148.02000000000004
193.86
121.68999999999998
139.07999999999998
208.52
143.39
208.52
197.56000000000003
208.42999999999995
137.84
167.59
211.35
206.38000000000002
295.75999999999993
224.94999999999996
168.05
182.93
192.64999999999998
122.35999999999999
231.88000000000002
297.65999999999997
214.58
182.62000000000003
153.39000000000001
233.39999999999995
167.96
158.04999999999993
145.80999999999997
187.92
101.21000000000002
139.23
93.91
188.22999999999996
242.76999999999995
266.28999999999996
197.47000000000003
247.84999999999997
175.34999999999997
161.90000000000003
193.86
139.23
196.50000000000003
277.72
182.9
100.78
193.76999999999995
216.44
195.57000000000002
285.57
255.97999999999996
148.02000000000004
268.92999999999995
127.11999999999998
155.74999999999997
361.5799999999999
176.47000000000003
144.60000000000002
213.65
159.16999999999996
96.02999999999999
239.26999999999995
164.10999999999999
170.34999999999997
303.72
207.38000000000002
182.42999999999998
110.00000000000003
252.59999999999994
326.63000000000005
168.05
204.07999999999998
150.46999999999997
173.83
150.62999999999994
162.68
193.86
186.03999999999996
205.00999999999996
233.39999999999995
129.89999999999998
281.7900000000001
220.64000000000001
150.66
250.48999999999998
134.88000000000002
146.73999999999995
213.31000000000003
252.09999999999997
214.58
142.15000000000003
170.69000000000003
213.79999999999998
124.56999999999998
245.75999999999996
111.96999999999997
170.40999999999994
148.02000000000004
172.70999999999995
292.14
193.86
213.79999999999998
170.06999999999994
159.53999999999996
197.58999999999997
403.82
213.79999999999998
211.16000000000003
163.11000000000004
246.54000000000002
197.43000000000004
232.33999999999997
106.15
138.72999999999996
191.22
238.05999999999997
144.60000000000002
212.24999999999997
412.94000000000005
90.06000000000002
159.16999999999996
140.01
247.77999999999997
190.00999999999996
150.46999999999997
250.48999999999998
124.66000000000001
124.56999999999998
321.02
188.30000000000004
162.68
165.32
116.99000000000002
154.17
269.11999999999995
165.63
161.27999999999997
233.30999999999997
189.74
223.80000000000004
201.44000000000003
239.05999999999997
293.09999999999997
173.83
230.54999999999995
85.11999999999999
208.13999999999996
260.18000000000006
119.91000000000003
197.28000000000003
249.48999999999998
167.76999999999992
199.14000000000001
220.19000000000003
133.17000000000002
204.83
121.42999999999996
297.65999999999997
169.47999999999996
155.52999999999997
213.79999999999998
193.62000000000006
247.46999999999997
118.50999999999999
217.02999999999997
134.54
210.23
207.64999999999998
215.34999999999994
261.69999999999993
228.46000000000004
165.63
196.50000000000003
153.39000000000001
170.14
169.47999999999996
146.56999999999996
200.20000000000005
120.48
258.28
240.98000000000002
169.47999999999996
190.34999999999997
144.08
227.24999999999991
174.20000000000002
239.89999999999998
204.86
174.10999999999996
292.8799999999999
121.92999999999999
137.77999999999997
137.84
239.26999999999995
197.87
300.3
139.51
162.98999999999998
181.76999999999998
240.96
176.47000000000003
334.89999999999986
114.50999999999999
178.85999999999999
255.67000000000002
274.15000000000003
205.00999999999996
270.17999999999995
93.63000000000002
312.48
225.98000000000002
130.72000000000003
116.06000000000004
190.48000000000005
222.82999999999996
193.86
246.04000000000005
162.98999999999998
126.83999999999995
172.44
191.12999999999994
103.17999999999996
231.1
258.28
299.95999999999987
305.8799999999999
179.2
121.68999999999998
186.78000000000003
208.70999999999995
218.74
172.70999999999995
208.42999999999995
155.07999999999998
213.68
191.12999999999994
292.14
93.82
257.07000000000005
280.3599999999999
234.52000000000004
220.64000000000001
101.21000000000002
156.10000000000002
217.02999999999997
303.71999999999997
172.70999999999995
221.37999999999997
184.40999999999994
145.57000000000002
285.29999999999995
191.55999999999997
165.60000000000005
231.64000000000007
161.9
269.9
254.26999999999998
177.98999999999998
127.99
194.05000000000004
241.90999999999997
103.84999999999998
224.6099999999999
345.4199999999999
191.41000000000003
141.96
113.42
277.61000000000007
190.70000000000005
215.85999999999999
124.56999999999998
176.47000000000003
220.19000000000003
231.1
239.76999999999995
196.06999999999996
154.2
241.90999999999997
114.66999999999999
124.66000000000001
159.26000000000002
234.32999999999993
207.58999999999997
115.87
165.63
117.08000000000001
242.1899999999999
234.32999999999993
71.46000000000001
190.34999999999997
211.16000000000003
190.56
153.11
133.35999999999999
92.70000000000003
277.13000000000005
107.54999999999998
141.86999999999995
61.67
265.7
182.62000000000003
202.56
313.09999999999997
186.78000000000003
187.44000000000005
136.77999999999997
177.98999999999998
150.46999999999997
255.97999999999996
172.70999999999995
285.58
115.87
228.46000000000004
185.26000000000005
129.27
205.79
172.70999999999995
187.80999999999997
171.53
483.23999999999995
160.68999999999994
72.75999999999999
206.38000000000002
285.57
267.56999999999994
170.06999999999994
113.32999999999997
170.14
250.48999999999998
180.28999999999996
218.74
168.05
102.42000000000003
238.12999999999997
208.52
243.76999999999995
191.12999999999994
130.72000000000003
165.63
165.32
147.93000000000004
191.12999999999994
197.46999999999994
298.4399999999999
218.74
202.12999999999997
196.50000000000003
176.55999999999997
200.23
148.02000000000004
263.34
192.91999999999996
257.5
192.64999999999998
241.90999999999997
107.36000000000001
194.54
135.81
110.93000000000002
201.44000000000003
178.76999999999998
242.70000000000002
175.34999999999997
165.97
220.19
179.04999999999998
185.92000000000002
263.06000000000006
167.96
321.02
177.98999999999998
197.28000000000003
296.3899999999999
221.96999999999994
150.46999999999997
176.47000000000003
191.12999999999994
218.52999999999994
199.92
218.74
137.77999999999997
101.21000000000002
162.68
113.85
139.32
172.70999999999995
240.12999999999997
98.57000000000001
187.71
129.59999999999997
155.74999999999997
179.2
113.32999999999997
208.42999999999995
148.02000000000004
256.56999999999994
228.64999999999998
156.62
132.24
225.42000000000002
154.2
250.48999999999998
239.05999999999997
165.63
239.26999999999995
194.14
163.11000000000004
92.60999999999999
165.60000000000005
184.14000000000001
170.06999999999994
175.34999999999997
179.88999999999993
158.04999999999993
171.26000000000005
110.00000000000003
218.74
224.80000000000004
197.01999999999998
188.77
250.48999999999998
191.68999999999997
175.35000000000002
223.17999999999998
259.3999999999999
187.71
199.77000000000004
161.9
159.16999999999996
98.75999999999998
124.85000000000001
214.34000000000003
225.82000000000002
95.0
214.58
195.28999999999994
182.9
96.02999999999999
181.5
193.86
181.84
160.34999999999997
164.2
187.71
218.74
196.50000000000003
209.95
256.91
160.34999999999997
166.68
208.52
153.89
256.56999999999994
159.16999999999996
177.98999999999998
274.7699999999999
175.34999999999997
375.0400000000001
233.39999999999995
216.1
174.25999999999996
177.98999999999998
211.16000000000003
228.46000000000004
279.0899999999999
143.39
211.16000000000003
176.47000000000003
207.64999999999998
192.64999999999998
173.83
124.85000000000001
110.00000000000003
160.66000000000003
207.30999999999997
145.71999999999997
223.09
270.48999999999995
148.02000000000004
239.12999999999997
170.69000000000003
229.54999999999995
306.46000000000004
162.48999999999995
114.77999999999999
230.33999999999997
221.16
188.48999999999998
172.70999999999995
163.11000000000004
160.68999999999994
135.81
209.95
401.74
196.50000000000003
153.89
165.63
231.1
162.98999999999998
211.16000000000003
153.95999999999995
165.32
221.07000000000002
163.92
193.86
116.14999999999999
197.70999999999998
156.52999999999994
185.34999999999994
176.32000000000002
152.74
182.62000000000003
96.27000000000001
69.25
187.71
241.76999999999995
168.98
159.16999999999996
260.42
150.46999999999997
231.88000000000002
154.54000000000002
306.42
34.65
440.5400000000001
138.23000000000002
277.72
250.7
344.28000000000003
175.34999999999997
213.79999999999998
118.50999999999999
237.12999999999997
193.76999999999995
261.84999999999997
127.11999999999998
180.26
217.22
187.71
113.32999999999997
221.04
159.26000000000002
182.62000000000003
236.03999999999996
177.65
263.65
127.29999999999997
162.98999999999998
138.44999999999996
145.38
177.32000000000002
188.91999999999996
193.86
179.88999999999993
202.36999999999998
195.28999999999994
166.83999999999995
115.87
166.49999999999997
190.94
225.82000000000002
211.16000000000003
196.50000000000003
251.04000000000002
225.82000000000002
165.16999999999996
239.26999999999995
169.76000000000005
165.60000000000005
352.79
212.24999999999997
154.54000000000002
242.88000000000005
146.89999999999998
193.86
112.21000000000001
133.35999999999999
150.38
155.07999999999998
291.2399999999999
197.70999999999998
260.07000000000005
184.14000000000001
320.8
174.10999999999996
150.29
263.06000000000006
222.16000000000003
201.23
240.95000000000005
185.07
197.58999999999997
204.07999999999998
189.08
109.47999999999999
154.26999999999995
302.9399999999999
185.07
175.34999999999997
193.86
238.67999999999998
186.78000000000003
149.38
176.47000000000003
141.96
171.62
182.62000000000003
204.07999999999998
159.16999999999996
118.50999999999999
241.76999999999995
275.55999999999995
152.84
360.7100000000001
203.34
106.05999999999997
171.47
126.77999999999999
173.92000000000002
147.82999999999996
239.26999999999995
189.08
193.62000000000006
213.79999999999998
98.57000000000001
175.34999999999997
144.60000000000002
213.79999999999998
190.94
167.76999999999992
232.07000000000005
196.16000000000003
155.59999999999997
282.99999999999994
225.73000000000002
275.1599999999999
222.30999999999995
54.16
131.53999999999996
280.3599999999999
133.07999999999998
199.92
369.5
182.9
357.77
120.53999999999996
210.23
177.98999999999998
137.79999999999998
282.07
153.20999999999995
257.96999999999997
221.37999999999997
191.41000000000003
350.1
217.22
120.93
156.52999999999994
130.72000000000003
188.77
190.00999999999996
280.3599999999999
76.32999999999998
196.50000000000003
247.77999999999997
228.46000000000004
179.2
161.38000000000002
242.76999999999995
190.34999999999997
139.03999999999996
181.84
176.55999999999997
258.28
165.63
107.36000000000001
162.25
120.48
239.26999999999995
269.11999999999995
131.83000000000004
263.65
193.86
120.48
212.24999999999997
226.15999999999997
549.2400000000001
150.46999999999997
201.44000000000003
256.56999999999994
115.87
257.07000000000005
70.46000000000001
162.98999999999998
118.50999999999999
184.14000000000001
150.75
130.86999999999998
278.9999999999999
167.76999999999992
306.35999999999996
227.53
373.56999999999994
207.49999999999997
199.14000000000001
227.53
236.96999999999994
173.83
162.98999999999998
201.23
187.71
133.17000000000002
107.36000000000001
200.16999999999996
176.47000000000003
352.19999999999993
118.50999999999999
277.72
165.63
216.1
190.08
234.61
213.79999999999998
136.15999999999997
162.98999999999998
187.71
181.84
239.26999999999995
171.19
144.60000000000002
124.56999999999998
292.4599999999999
172.70999999999995
138.44999999999996
117.26999999999997
236.03999999999996
277.72
139.65999999999997
163.92
118.50999999999999
227.53
170.14
121.92999999999999
191.22
141.86999999999995
239.88999999999996
287.94
260.42
164.2
156.10000000000002
218.74
189.14000000000001
111.11999999999999
153.11
282.41999999999996
303.71999999999997
228.98000000000002
127.29999999999997
213.79999999999998
172.70999999999995
280.8799999999999
193.76999999999995
234.32999999999993
122.11999999999999
301.0799999999999
191.26000000000002
127.29999999999997
218.74
143.08
186.78000000000003
243.31
182.42999999999998
196.50000000000003
245.66999999999996
171.62
184.64000000000001
103.17999999999996
196.50000000000003
172.70999999999995
165.32
165.63
213.45999999999998
165.32
266.56999999999994
101.21000000000002
246.28000000000003
159.26000000000002
204.07999999999998
164.54
165.63
75.39999999999999
237.16
271.57
167.76999999999992
360.99
225.82000000000002
240.76999999999995
245.32999999999996
147.82999999999996
181.5
155.07999999999998
133.35999999999999
352.79
173.04999999999995
208.70999999999995
117.26999999999997
614.34
180.28999999999996
224.89
115.87
202.36999999999998
231.1
243.11999999999995
124.56999999999998
143.39
160.68999999999994
141.96
477.4
211.16000000000003
98.75999999999998
162.68
208.52
352.79
115.87
185.07
162.68
188.77
141.96
120.81000000000002
144.60000000000002
168.05
141.72
191.72000000000003
159.26000000000002
144.13999999999996
156.52999999999994
120.53999999999996
161.90000000000003
129.59999999999997
153.11
156.81
184.14000000000001
156.81
224.6099999999999
144.08
165.32
270.17999999999995
153.11
98.75999999999998
242.76999999999995
159.53999999999996
228.46000000000004
191.12999999999994
87.08999999999999
114.77999999999999
126.36999999999999
228.46000000000004
78.97
114.94000000000001
175.62999999999994
182.42999999999998
93.69999999999999
268.0
231.61999999999998
243.62000000000003
153.11
379.41999999999996
248.39999999999998
98.57000000000001
196.50000000000003
229.43000000000004
262.63
172.70999999999995
213.79999999999998
124.66000000000001
277.72
280.64000000000004
282.07
193.86
107.54999999999998
189.08
190.00999999999996
246.84999999999997
165.32
221.96999999999994
127.29999999999997
137.77999999999997
129.59999999999997
271.75999999999993
158.39999999999998
159.16999999999996
220.64000000000001
207.78
147.45999999999995
83.67
285.58
182.93
245.64999999999998
207.78
263.06000000000006
211.06999999999996
161.55999999999997
251.82000000000005
121.14999999999998
235.70000000000005
206.38000000000002
254.26999999999998
193.86
211.35
230.33999999999997
265.7
228.46000000000004
83.47999999999999
98.85
137.01999999999998
194.79000000000002
271.73
177.32000000000002
182.62
182.9
187.64999999999995
187.84000000000003
207.64999999999998
264.49
136.15999999999997
210.98000000000002
326.97999999999996
92.70000000000003
215.88999999999993
165.24999999999997
193.86
172.70999999999995
191.41000000000003
162.98999999999998
301.0799999999999
199.92
196.35
190.84000000000003
136.77999999999997
149.38
88.85000000000001
268.92999999999995
210.30000000000004
176.55999999999997
196.07000000000002
159.16999999999996
172.71
251.82000000000005
246.28000000000003
162.56
164.2
268.0
268.0
259.21
175.34999999999997
224.52
238.05999999999997
246.28000000000003
257.07000000000005
124.66000000000001
187.71
213.47
181.5
259.55000000000007
312.31999999999994
188.4
274.15000000000003
118.79
172.70999999999995
196.50000000000003
276.51000000000005
248.39999999999998
166.83999999999995
239.76999999999995
129.27
138.44999999999996
227.24999999999991
183.98
180.41000000000005
199.72999999999996
174.10999999999996
240.98000000000002
171.19
227.24999999999991
229.24000000000007
130.72000000000003
129.59999999999997
242.1899999999999
177.98999999999998
145.80999999999997
217.02999999999997
179.2
211.16000000000003
141.86999999999995
111.96999999999997
155.96
202.36999999999998
190.34999999999997
182.9
130.86999999999998
160.62999999999997
267.26
190.00999999999996
199.92
130.62999999999997
196.07000000000002
228.73999999999998
280.3599999999999
185.07
248.05999999999997
225.42000000000002
222.30999999999995
173.04999999999995
170.06999999999994
183.98
141.86999999999995
191.41000000000003
394.68000000000006
143.93
190.82000000000002
107.36000000000001
169.14
193.76999999999995
129.55999999999995
170.69000000000003
216.1
154.2
233.30999999999997
193.85999999999999
247.19
144.08
191.72000000000003
352.79
193.86
182.9
147.93000000000004
268.0
267.65999999999985
315.73999999999995
306.73
191.22
130.72000000000003
118.50999999999999
189.74
199.40000000000003
352.19999999999993
182.42999999999998
208.42999999999995
130.62999999999997
156.81
98.75999999999998
116.99000000000002
138.98999999999998
237.25
112.14000000000003
210.73
282.8499999999999
201.44000000000003
208.52
164.10999999999999
214.85999999999999
173.64
138.26999999999995
84.19
184.14000000000001
256.91
134.28999999999996
241.76999999999995
219.86
143.08
329.61999999999983
124.66000000000001
175.34999999999997
203.57999999999998
188.06000000000003
259.21
235.57999999999996
205.00999999999996
125.21999999999998
253.24999999999997
153.39000000000001
155.40999999999997
213.79999999999998
253.34000000000003
182.0
185.07
221.04
239.26999999999995
180.28999999999996
215.85999999999999
176.55999999999997
139.23
113.14
191.22
657.73
199.72999999999996
186.78000000000003
179.98000000000002
199.92
247.19
520.0600000000001
164.2
204.86
159.26000000000002
172.70999999999995
177.98999999999998
234.52000000000004
218.74
124.56999999999998
104.91000000000001
250.26999999999995
180.28999999999996
221.04
107.36000000000001
164.54
303.37999999999994
182.0
201.44000000000003
172.70999999999995
606.4399999999999
208.70999999999995
155.42000000000002
135.14000000000001
86.83
231.68999999999997
192.64999999999998
285.29999999999995
265.15
248.19
293.81
233.74
165.32
298.4399999999999
196.50000000000003
208.70999999999995
240.98000000000002
197.19
115.99
189.74
182.04999999999998
208.52
292.8799999999999
198.79999999999998
236.03999999999996
121.14999999999998
401.45999999999987
115.63000000000001
187.80999999999997
202.36999999999998
205.29000000000002
222.30999999999995
246.04000000000005
221.37999999999997
179.2
196.50000000000003
228.46000000000004
173.04999999999995
200.23
260.42
268.0
141.96
130.62999999999997
117.19999999999999
208.70999999999995
165.63
165.32
225.82000000000002
88.75999999999998
244.54999999999998
225.46999999999997
273.2799999999999
247.77999999999997
118.50999999999999
104.38999999999997
156.52999999999994
216.1
202.36999999999998
156.62
263.65
115.87
248.39999999999998
89.97
305.09000000000003
326.97999999999996
132.79
260.42
119.06000000000003
217.22
192.92999999999998
186.78000000000003
147.24
279.78
165.32
228.46000000000004
177.98999999999998
147.93000000000004
109.91000000000001
259.21
234.32999999999993
139.23
182.62000000000003
198.14000000000004
369.5
228.46000000000004
189.05
126.87000000000002
207.49999999999997
175.34999999999997
121.14999999999998
256.91
165.12999999999997
263.06000000000006
167.76999999999992
295.02
239.12999999999997
202.36999999999998
268.92999999999995
200.20000000000005
176.47000000000003
439.7099999999999
105.87999999999997
228.46000000000004
185.07
239.05999999999997
221.96999999999994
155.40999999999997
214.85999999999999
129.63
208.70999999999995
125.78000000000002
239.60999999999996
168.05
173.92000000000002
109.47999999999999
153.05
193.86
228.46000000000004
172.70999999999995
250.48999999999998
268.34000000000003
241.90999999999997
195.28999999999994
122.35999999999999
227.24999999999991
124.66000000000001
98.85
201.72000000000003
185.07
185.07
189.70000000000005
177.98999999999998
328.75
244.21
202.36999999999998
173.64
217.86999999999995
254.26999999999998
211.35
177.98999999999998
365.65
156.62
355.43000000000006
179.98000000000002
115.12999999999997
231.1
149.54000000000002
126.77999999999999
297.65999999999997
179.08
225.82000000000002
162.68
171.47
294.7799999999999
101.21000000000002
228.46000000000004
156.81
124.56999999999998
218.74
146.89999999999998
251.82000000000005
173.04999999999995
182.62000000000003
282.99999999999994
239.05999999999997
128.51000000000005
159.45
170.06999999999994
229.54999999999995
196.50000000000003
320.87
127.29999999999997
248.39999999999998
107.36000000000001
165.63
114.77999999999999
170.69000000000003
197.28000000000003
92.70000000000003
217.22
154.26999999999995
170.69000000000003
172.39999999999998
238.67999999999998
144.60000000000002
170.06999999999994
204.66999999999993
173.04999999999995
189.74
175.34999999999997
267.07000000000005
165.63
222.30999999999995
184.14000000000001
298.9700000000001
166.83999999999995
105.06000000000002
148.02000000000004
139.23
242.88000000000005
133.45
214.32
182.93
114.78999999999998
155.07999999999998
170.93